$molecule
cart
1       1.0     0.0    0.0
2      18.0     0.0    0.0
3       1.0    -1.0    0.0
4       2.0    -1.0    0.0
5      13.0    -1.0    0.0
6      14.0    -1.0    0.0
7      15.0    -1.0    0.0
8      16.0    -1.0    0.0
9      17.0    -1.0    0.0
10     18.0    -1.0    0.0

11      1.0    -2.0    0.0
12      2.0    -2.0    0.0
13     13.0    -2.0    0.0
14     14.0    -2.0    0.0
15     15.0    -2.0    0.0
16     16.0    -2.0    0.0
17     17.0    -2.0    0.0
18     18.0    -2.0    0.0

19      1.0    -3.0    0.0
20      2.0    -3.0    0.0
21      3.0    -3.0    0.0
22      4.0    -3.0    0.0
23      5.0    -3.0    0.0
24      6.0    -3.0    0.0
25      7.0    -3.0    0.0
26      8.0    -3.0    0.0
27      9.0    -3.0    0.0
28     10.0    -3.0    0.0
29     11.0    -3.0    0.0
30     12.0    -3.0    0.0
31     13.0    -3.0    0.0
32     14.0    -3.0    0.0
33     15.0    -3.0    0.0
34     16.0    -3.0    0.0
35     17.0    -3.0    0.0
36     18.0    -3.0    0.0

37      1.0    -4.0    0.0
38      2.0    -4.0    0.0
39      3.0    -4.0    0.0
40      4.0    -4.0    0.0
41      5.0    -4.0    0.0
42      6.0    -4.0    0.0
43      7.0    -4.0    0.0
44      8.0    -4.0    0.0
45      9.0    -4.0    0.0
46     10.0    -4.0    0.0
47     11.0    -4.0    0.0
48     12.0    -4.0    0.0
49     13.0    -4.0    0.0
50     14.0    -4.0    0.0
51     15.0    -4.0    0.0
52     16.0    -4.0    0.0
53     17.0    -4.0    0.0
54     18.0    -4.0    0.0

55      1.0    -5.0    0.0
56      2.0    -5.0    0.0
71      3.0    -5.0    0.0
72      4.0    -5.0    0.0
73      5.0    -5.0    0.0
74      6.0    -5.0    0.0
75      7.0    -5.0    0.0
76      8.0    -5.0    0.0
77      9.0    -5.0    0.0
78     10.0    -5.0    0.0
79     11.0    -5.0    0.0
80     12.0    -5.0    0.0
81     13.0    -5.0    0.0
82     14.0    -5.0    0.0
83     15.0    -5.0    0.0
84     16.0    -5.0    0.0
85     17.0    -5.0    0.0
86     18.0    -5.0    0.0

87      1.0    -6.0    0.0
88      2.0    -6.0    0.0
103     3.0    -6.0    0.0
104     4.0    -6.0    0.0
105     5.0    -6.0    0.0
106     6.0    -6.0    0.0
107     7.0    -6.0    0.0
108     8.0    -6.0    0.0
109     9.0    -6.0    0.0
110    10.0    -6.0    0.0
111    11.0    -6.0    0.0
112    12.0    -6.0    0.0
113    13.0    -6.0    0.0
114    14.0    -6.0    0.0
115    15.0    -6.0    0.0
116    16.0    -6.0    0.0
117    17.0    -6.0    0.0
118    18.0    -6.0    0.0

57      3.0    -8.0    0.0
58      4.0    -8.0    0.0
59      5.0    -8.0    0.0
60      6.0    -8.0    0.0
61      7.0    -8.0    0.0
62      8.0    -8.0    0.0
63      9.0    -8.0    0.0
64     10.0    -8.0    0.0
65     11.0    -8.0    0.0
66     12.0    -8.0    0.0
67     13.0    -8.0    0.0
68     14.0    -8.0    0.0
69     15.0    -8.0    0.0
70     16.0    -8.0    0.0

89      3.0    -9.0    0.0
90      4.0    -9.0    0.0
91      5.0    -9.0    0.0
92      6.0    -9.0    0.0
93      7.0    -9.0    0.0
94      8.0    -9.0    0.0
95      9.0    -9.0    0.0
96     10.0    -9.0    0.0
97     11.0    -9.0    0.0
98     12.0    -9.0    0.0
99     13.0    -9.0    0.0
100    14.0    -9.0    0.0
101    15.0    -9.0    0.0
102    16.0    -9.0    0.0
$end
