$system mem=32 disk=-32 $end
$control
 task=optimize
 theory=qm_n3
 basis=qm.in
$end

$optimize cart=1 tol=1e-6 steps=128 $end

$molecule
 z-matrix
  16
  16    1    2.15285519
  16    1    2.15285519    2    135.000000
  16    2    2.15285519    1    135.000000    3     -0.000000
  16    4    2.15285519    2    135.000000    1      0.000000
  16    3    2.15285519    1    135.000000    2      0.000000
  16    6    2.15285519    3    135.000000    2      0.000000
  16    7    2.15285519    6    135.000000    2     -0.000000
$end
 Energy =  -3181.33652760

$Energy
 E=-3.181236928025e+03
 D= 6.55422924e-10 -1.26473708e-09 -1.50384819e-11
 G= 4.05993818e-02 -1.68168140e-02 -1.14432604e-09
   -3.77082916e-02 -1.56192863e-02 -4.97807702e-12
   -1.56192863e-02  3.77082917e-02 -7.39381922e-13
    1.68168139e-02  4.05993818e-02  1.15033782e-09
    1.56192862e-02 -3.77082916e-02 -7.65045220e-13
   -1.68168140e-02 -4.05993818e-02  1.14977939e-09
    3.77082916e-02  1.56192862e-02 -4.50501084e-12
   -4.05993818e-02  1.68168140e-02 -1.14480365e-09
 Dx=-1.97806652e+02  8.68363049e+01  5.58054354e-04
    -3.47802647e+02 -1.04063598e+02 -2.46693435e+01
     2.69048414e-03  2.38980967e-03  1.63181826e-03
     1.70574207e-02  1.70576002e-02  1.86756488e-06
     1.70543177e-02 -1.70452224e-02  8.99905746e-08
    -1.99532049e-06  1.93159470e-06  1.42824311e-07
    -1.70562247e-02 -1.70562717e-02  1.59092055e-09
    -1.70544497e-02  1.70483773e-02  3.92215394e-09
     1.07640315e-06 -1.05317177e-06  1.33269084e-07
    -1.70562397e-02  1.70562816e-02 -5.59742923e-09
     1.70453860e-02  1.70543359e-02  2.90182161e-09
    -1.03944979e-06 -1.05996037e-06  1.28363562e-07
    -1.70562371e-02 -1.70562621e-02 -5.62615721e-09
    -1.70544294e-02  1.70482921e-02  1.77782966e-10
     1.04666269e-06 -1.04620217e-06  1.33940659e-07
    -1.70562478e-02  1.70562628e-02 -3.94495488e-09
     1.70454136e-02  1.70543294e-02 -4.39540389e-09
    -1.05842238e-06 -1.10427786e-06  1.34493544e-07
     1.70553597e-02  1.70555274e-02 -1.19385869e-10
     1.70542361e-02 -1.70451740e-02  6.75660129e-09
    -1.96428006e-06  1.94194059e-06  1.31636384e-07
     1.70553631e-02 -1.70554839e-02  6.77467080e-09
    -1.70501191e-02 -1.70543179e-02 -7.78497019e-09
     1.92482438e-06  1.97240543e-06  1.29711729e-07
 H= 7.68853447e+00 -7.57198878e+00  7.07640567e-01 -3.65181722e-03 -1.41770822e+00 -6.80021465e-02
   -9.55975207e+00 -1.83779751e+00 -2.18779309e-05  1.03296031e-01  2.66700054e+00  2.21417800e+00
    1.79397900e-05 -4.43829903e-02  1.92061278e-01 -1.11670504e-04  3.54180230e-01  4.39472734e-02
    2.27430232e-07 -1.05511423e-07 -6.80308876e-02  1.82005860e+00 -1.25189951e+00  2.10105909e-05
    1.05902724e-02 -5.63001054e-04 -2.47348296e-08  1.92061451e-01  9.67816154e+00  2.12373988e+00
    4.73939671e-05 -1.24852402e-02 -2.45779214e-03  9.86758319e-09  4.43829266e-02  1.03296363e-01
   -1.18795027e-03 -1.84417590e+00  4.42833775e-02  1.00518850e-07  1.77787326e-09 -5.96624481e-03
   -1.60632009e-07  5.47524127e-10 -6.80307766e-02  9.57374222e+00  5.38102349e+00 -1.48606528e-05
   -7.88845774e-02  4.81374334e-02 -2.06325492e-07  1.68677950e-03  3.07814361e-03  2.31907814e-08
    1.92061450e-01  8.33127602e+00 -5.57527464e+00  3.13512152e-05  3.52106550e-02 -7.88845869e-02
    5.01754158e-09 -3.07817835e-03  4.46166618e-03 -7.31828964e-08 -4.43827343e-02  1.03296217e-01
    4.57960786e-03  2.41432882e+00 -5.99735877e-03 -1.50591178e-07  1.54375665e-08  4.42150933e-02
    8.67487059e-08 -7.31298659e-08 -5.06329013e-03  2.29661538e-07 -2.45767358e-09 -6.80307772e-02
    1.10220536e+00 -6.43660667e+00  4.13712950e-05 -2.45783241e-03  5.62870087e-04  1.33313531e-07
   -5.51213045e-03 -1.32113848e-03  1.43793932e-07 -1.20558508e-01  6.46350623e-03  1.51952990e-08
    1.92061451e-01 -1.24231284e+01 -8.95354795e+00  8.39174831e-06  1.24852301e-02  1.05904827e-02
    3.75560466e-08 -1.32114094e-03 -2.86973140e-03  5.69036116e-08 -6.46374187e-03 -3.72107128e-02
   -2.50078307e-08  4.43829246e-02  1.03296366e-01  2.26685001e-04  7.54558834e-01 -4.69882600e-03
    1.82119271e-07  4.64856324e-08 -5.96624467e-03 -1.53905632e-07  5.93347317e-08  1.65973101e-03
   -3.47694341e-07 -2.62704715e-08  4.42150980e-02  5.06207339e-08 -5.09286024e-09 -6.80307764e-02
   -7.26835044e+00  3.21700847e+00 -1.97531804e-06  3.07442024e-03 -1.69060031e-03 -1.66242389e-07
   -1.20558510e-01 -6.46374183e-03 -3.47995657e-07 -5.51213014e-03  1.32126664e-03  1.36319431e-07
    1.68677889e-03  3.07814398e-03  2.26806015e-08  1.92061450e-01 -8.32932061e+00 -7.70406902e+00
    1.04611995e-05  4.46573334e-03  3.07439566e-03 -3.05135035e-08  6.46350480e-03 -3.72107137e-02
   -2.73776052e-08  1.32126655e-03 -2.86957441e-03  5.61856209e-08 -3.07817974e-03  4.46166597e-03
   -7.45898475e-08 -4.43827341e-02  1.03296216e-01  4.65425661e-03  3.58912898e+00 -5.75277004e-03
   -1.62212705e-07 -1.96480350e-08 -5.06331508e-03  1.84288905e-07 -2.09337767e-08  4.42150973e-02
    1.38073747e-07  5.82940320e-08  1.65973078e-03 -3.54403651e-07 -7.72270279e-08 -5.06329099e-03
    2.29439108e-07 -4.37636965e-09 -6.80307754e-02  1.18409230e+01  5.01290782e+00 -6.84115777e-06
   -2.86979775e-03  1.32115395e-03  1.87725091e-07 -2.45784887e-03  1.24851901e-02  1.22790625e-07
    3.07439876e-03  4.46569676e-03 -3.49105576e-07  1.05902969e-02 -1.24852013e-02  1.29123159e-07
   -7.88844605e-02  3.52105645e-02 -8.10875672e-08  1.03295951e-01  1.35447102e+00  7.77852764e+00
   -1.59540456e-05  1.32115500e-03 -5.51225720e-03 -1.34671969e-09  5.62869972e-04  1.05904843e-02
    4.68819726e-08 -1.69059962e-03  3.07439666e-03 -2.30972190e-08 -5.63001683e-04 -2.45779284e-03
    4.73949193e-09  4.81374324e-02 -7.88845873e-02  1.28536731e-08 -4.43828081e-02  1.92061279e-01
    1.01182996e-03  3.71154281e-01 -5.32488490e-03  1.95690187e-07  8.35667071e-10  1.65980070e-03
   -3.06748156e-07  3.36833155e-08 -5.96624498e-03 -1.66214612e-07 -3.24203861e-08 -5.06331454e-03
    1.44453216e-07  1.36484368e-08 -5.96624486e-03 -2.05746324e-07  6.49581986e-09  4.42150928e-02
    1.79847529e-07 -1.07123231e-07 -6.80308887e-02 -1.14047418e+01 -5.59366866e+00 -2.57596382e-05
    4.46206429e-03  3.07832912e-03 -3.06915213e-07  3.07440000e-03 -4.46570252e-03 -3.31247124e-08
   -2.45784933e-03 -1.24852315e-02  1.27930186e-07 -7.88844623e-02 -3.52104640e-02 -3.43116279e-08
    1.05902963e-02  1.24851007e-02  1.18451361e-07 -3.72105582e-02 -6.46332482e-03 -1.44991468e-08
    1.03295954e-01  7.75817868e+00  9.66659513e+00 -2.69736547e-05 -3.07808423e-03  1.68687344e-03
    1.68254978e-08  1.69067970e-03  3.07424629e-03 -1.92506718e-08 -5.62913102e-04  1.05905438e-02
    4.78963836e-08 -4.81374291e-02 -7.88846876e-02  1.39852571e-08  5.62847878e-04 -2.45779799e-03
    3.46799740e-09  6.46353776e-03 -1.20558336e-01  6.67775823e-08  4.43825999e-02  1.92061282e-01
   -5.51158412e-03 -4.22153952e+00  1.55965572e-03 -3.58978171e-07  1.51696515e-08 -5.06333959e-03
    2.34338738e-07 -3.02218081e-08 -5.06331506e-03  1.46219766e-07  4.18771326e-08 -5.96624518e-03
   -2.01195040e-08  3.49058295e-09  4.42150929e-02  1.32736308e-07  8.88894188e-09 -5.96624451e-03
   -1.00051020e-07  7.10328048e-08  4.42150890e-02  4.43378612e-09 -1.05711867e-07 -6.80308881e-02
$end
